537
303
508
683
558
703
622
916
62
130
421
946
729
680
383
579
841
95
988
758
853
799
297
970
217
758
261
142
698
838
998
98
555
825
234
593
462
341
160
340
290
877
848
753
646
92
124
603
359
262
218
397
319
492
830
72
864
421
994
582
744
883
716
125
353
770
238
763
322
308
796
994
994
30
963
155
187
507
667
679
358
719
243
900
530
982
814
64
863
958
184
941
4
738
742
227
668
274
371
877
823
537
855
72
731
680
299
332
628
826
233
493
88
996
663
734
796
9
400
174
128
745
87
160
891
982
502
165
261
685
277
26
849
21
487
617
53
188
615
825
76
544
424
827
562
737
790
955
613
791
852
618
337
579
26
888
349
592
694
22
881
945
530
799
539
4
823
28
425
642
690
950
654
251
849
364
151
146
231
420
972
199
38
372
681
816
809
1
309
39
349
65
494
132
954
46
957
509
218
317
495
627
447
192
838
874
545
853
128
241
929
430
800
414
171
42
799
94
149
941
872
474
634
9
844
469
413
945
839
625
262
830
382
181
398
970
101
273
741
465
503
918
22
678
771
998
514
202
415
214
32
707
149
248
372
299
419
582
773
923
734
458
806
702
108
317
95
135
232
859
314
282
671
169
418
870
929
423
384
2
361
942
315
52
983
785
124
82
284
635
991
867
790
606
564
505
479
371
155
98
555
620
329
960
505
604
705
653
545
989
121
827
641
398
647
137
606
597
372
509
537
650
362
485
561
498
566
445
934
988
89
207
163
927
693
926
618
115
979
591
479
441
847
485
42
483
665
297
979
449
517
942
425
485
314
989
946
240
941
927
1
355
920
367
445
456
756
520
194
986
406
48
466
829
695
982
399
333
352
910
59
318
274
128
286
647
241
940
225
30
583
262
73
636
857
784
411
88
917
393
922
641
3
133
159
488
434
403
211
892
965
278
53
991
661
552
769
946
975
240
522
844
898
302
745
667
325
59
405
845
987
482
449
164
829
515
413
163
285
665
30
838
704
742
121
472
82
840
854
70
636
77
338
647
607
982
423
443
291
20
185
583
785
687
180
908
315
356
132
427
713
290
532
893
626
477
788
452
685
140
105
713
413
148
929
997
17
601
447
552
25
340
48
174
649
740
631
410
197
890
149
584
400
425
125
511
926
370
97
62
488
438
431
393
562
364
458
327
657
467
202
871
827
31
104
622
170
744
496
586
714
235
928
667
4
543
611
380
433
884
307
342
853
457
297
650
835
973
681
873
536
561
458
541
540
770
781
307
764
342
643
582
559
288
79
703
309
731
570
672
29
384
806
5
288
950
666
237
662
632
12
594
327
260
516
103
615
551
92
852
194
911
188
181
51
979
975
352
954
442
86
882
378
62
720
39
839
535
137
458
728
23
965
74
581
536
676
124
115
122
51
96
450
477
310
655
538
654
218
86
87
2
56
599
961
907
749
413
38
62
606
922
485
538
311
890
766
752
81
825
862
523
621
903
39
781
358
615
718
196
796
931
813
823
852
201
779
377
958
72
880
361
131
970
50
271
301
708
690
762
333
475
809
102
257
30
386
408
212
396
323
300
910
742
792
149
464
386
501
122
670
835
956
897
902
133
831
61
404
472
485
817
706
680
798
171
875
532
426
367
499
933
274
106
105
757
562
461
488
989
101
393
583
99
982
909
450
590
60
951
937
657
871
335
172
678
387
263
855
51
200
456
493
629
338
614
884
879
883
616
733
316
418
667
882
393
257
573
571
450
733
857
790
291
831
247
481
464
807
445
124
858
123
622
814
297
880
401
854
853
363
344
706
10
7
860
854
499
796
371
981
870
49
51
565
482
724
165
659
528
230
706
707
707
923
16
167
577
159
327
708
385
840
519
702
665
641
22
919
432
111
326
138
199
277
233
435
358
113
913
289
878
26
901
111
239
698
940
898
108
658
776
551
364
129
783
491
157
310
308
972
947
683
414
60
820
871
877
98
404
721
250
50
599
855
889
230
187
510
78
392
330
105
890
328
100
930
41
434
316
417
665
501
108
871
769
702
283
732
522
266
976
835
748
428
122
673
596
770
36
293
900
783
841
827
243
155
549
598
136
867
331
467
617
73
917
649
418
779
269
148
177
302
301
5
146
501
53
395
524
975
893
71
878
788
92
862
596
5
722
573
270
710
631
658
792
135
226
617
197
154
941
296
367
860
976
719
238
794
928
460
431
95
326
183
566
837
665
147
985
991
602
635
159
767
520
179
289
190
645
321
274
764
97
246
462
353
980
761
228
84959
142917
593980
179726
959654
886733
193469
202335
618325
892581
308543
706592
342625
806180
226123
44554
262590
155794
289988
820830
377341
548434
716087
692369
184553
834923
628902
83633
741528
954274
841352
292766
106078
522190
58240
604641
173406
339629
870197
688617
935738
50946
324334
133246
546707
234341
583148
235163
87014
281240
957417
901103
867636
702744
727648
703849
928784
814880
594541
505998
429693
194402
508184
596547
367885
43846
690288
870771
242745
43092
128213
650610
97285
80246
645373
619214
602968
2959
504509
154650
630913
272718
127840
965331
134048
492410
61623
337382
995643
349215
682601
349086
705188
446321
300979
260240
670691
121191
839000
448485
609670
937069
686325
683556
856662
30015
593377
624936
518296
732768
827136
943233
410624
661197
366855
95780
960346
489724
598509
622487
871991
994313
383958
118220
945370
297022
744154
14903
725757
633075
633297
626342
998920
235398
562183
917139
554473
499671
641238
155700
591039
138949
850022
354279
230121
130842
442332
220636
216397
29217
248735
111455
259933
415620
249062
627670
652981
556291
886061
785466
19724
647021
668978
638756
282972
314547
871831
375086
153907
243755
230779
621489
707417
898257
166171
488327
898816
161301
680585
831883
106984
950276
867200
621549
10929
566592
885830
666842
156245
979646
886684
669576
583980
965771
590539
209575
698340
920784
969020
27677
688759
957074
728748
778489
156232
495865
198089
503088
579735
795151
76292
147558
200683
847107
492196
563625
745606
878627
300476
289318
357788
138536
738107
503597
503604
105133
896802
867597
17373
545420
655296
69490
394400
242972
659968
727516
933254
652424
507627
149318
234654
226815
951962
601267
615757
912144
446189
8328
558746
283550
864096
896459
884852
276439
254681
622004
462190
373554
875235
54946
229423
23701
401616
47171
809996
402205
906290
604116
366989
913495
585747
199838
317617
199007
580031
558175
132900
379040
76542
436670
109488
992451
404770
800232
975713
821200
714765
904474
888660
337365
328066
707554
84921
394283
359662
943442
941576
612895
792919
539569
889518
970819
353082
401274
377367
164911
196641
473852
251106
543727
63858
622523
422175
136481
979276
9682
307624
563655
884741
575920
797998
779898
285067
32588
907064
545381
891399
57979
325862
208641
107130
364030
624646
635125
920292
130052
175230
68695
105099
880316
901826
688766
756972
927648
16324
537969
821579
410155
573499
944235
290980
822599
701455
53121
171144
640443
490339
999664
384095
70503
742152
755050
872275
154037
66291
550133
568949
517494
622391
262428
255367
743921
154226
73283
538185
737162
327984
568132
103733
4355
362994
827762
721165
85895
815605
397939
619592
163028
227938
38631
510513
165588
716358
976144
10993
809864
938249
493487
45891
341192
733738
814833
464050
702777
293610
111503
929696
357834
87149
686083
344384
256485
303666
325910
874138
203208
46333
897215
168253
898621
653445
637428
992189
52685
160788
177007
210608
672096
987182
370384
938466
388398
336348
840798
633512
755862
808661
955099
268093
81703
300108
21947
250987
233345
20943
62840
931361
180172
862787
257782
878245
231561
738511
686541
913875
455713
494619
706817
56712
966489
891447
238167
418500
119853
73428
601316
643209
562490
279896
367781
708919
91513
154626
877980
980119
259624
826949
752168
801324
551001
879085
300975
800766
264980
432204
233164
756271
287167
939878
952935
599700
282838
550349
12211
783909
353089
873914
105400
297395
34494
24312
698708
289414
910531
458433
550172
165520
620405
571076
765093
524493
864008
91450
745409
868391
230559
659448
274531
540594
875989
343881
595948
654798
247364
149135
953017
660173
565524
200201
430218
86435
101153
463114
968348
513120
417338
76592
861612
412091
173354
434966
317071
844409
360723
792387
47099
601078
261781
387665
18096
761743
328589
839712
900467
139672
723023
866368
90996
312683
615504
393897
403772
515198
32454
806096
113188
191054
546765
112502
872637
113816
50748
56430
303648
393034
546511
689688
193896
55071
777434
654972
380955
844017
508832
632945
681502
879485
495731
115113
79294
7145
592764
838046
316985
190890
359877
826111
461539
926719
376835
599709
459488
331991
328347
433384
635706
398033
581111
145263
1911
346309
55603
362862
748052
46651
580864
957854
495229
778602
862793
896082
650186
399774
73914
88303
75223
949428
171721
31902
187484
186319
981324
55278
279901
501629
383351
983819
88024
946044
206274
381967
200661
992146
227180
51965
544923
659855
390859
838097
734621
221106
435760
722225
292432
335913
839390
904541
651630
66309
180828
886329
748573
512438
182519
556319
337776
611551
88624
904582
519902
97659
327807
861177
277605
428598
532726
464768
924564
36881
717090
171408
468301
251086
445796
886652
465506
167357
745922
973069
257613
850379
970132
237455
278004
803901
713474
838996
205395
851925
392168
670723
792764
347826
179330
73034
185632
47769
959886
366628
14961
846846
73238
875143
149018
406976
578715
894581
522213
206142
815731
818781
431970
841938
299073
149494
101736
28027
935812
914383
564154
587232
412094
222008
233362
881845
432764
798590
321730
232012
965081
251987
917066
106538
9790
726936
358010
776898
278380
983371
669123
791905
613288
100628
555930
855594
505933
837223
938012
789469
3744
202312
85828
844987
723961
561278
972483
423649
286733
714959
151819
390709
59861
340496
649537
973656
379577
330100
465370
636394
734766
797362
183592
457590
194937
762491
227567
80999
874086
991653
898509
839911
525415
242037
541828
56578
22718
821296
768739
451856
29658
550414
994341
997733
917053
218416
417803
516682
494742
971676
715230
466858
742599
50346
195264
192178
864045
172459
209270
499729
64861
186687
956358
580083
397195
952195
576979
240803
493231
348401
945910
408770
172855
709542
409620
6216
600805
752585
991678
489795
136995
46268
349783
223535
409820
475677
955530
805405
246429
113035
928232
998339
352594
476352
34441
878271
532014
562558
706643
103693
696442
26000
669286
9290
504154
696008
576669
593888
484306
961772
637886
164434
209922
386067
49587
830743
380159
996806
453159
285188
219053
264312
762348
984399
546321
450033
175628
339707
455107
28668
457967
610440
310539
752433
20042
834645
563145
425906
27187
433935
758338
978692
693538
40454
666580
956474
805899
889285
642804
783958
973080
560050
877716
295346
59954
527840
315022
868026
914939
312777
827506
461357
54438
750822
626123
573629
821777
506606
723372
808693
451458
588258
67719
456222
197457
73796
361991
696538
557668
56897
975094
525117
602360
581530
430168
197055
508939
35684
212877
859952
697354
822527
167822
103890
948295
81860
643812
677259
71112
438101
28486
886602
345161
271867
145410
425807
84856
381576
456589
624016
6262
6596
611063
333734
448123
446624
917752
133716
205939
590851
430870
979553
937034
568962
183097
894181
155683
633399
854544
840551
297549
765203
458796
363726
348275
618164
183584
135112
991465
887496
748234
