607
254
414
317
815
534
406
985
478
896
993
148
419
86
313
601
744
757
911
677
639
318
90
241
188
13
322
263
838
576
767
491
554
16
824
994
640
388
323
183
186
852
522
667
148
214
318
279
32
375
320
454
357
738
997
431
935
527
538
401
632
799
260
956
983
559
465
446
289
511
184
612
819
616
325
318
371
865
203
662
44
952
592
930
154
441
457
487
418
207
221
356
901
177
961
102
396
865
268
972
28560
354479
733773
764457
498694
459563
728298
618069
408554
131235
934755
109276
651811
686881
609299
941169
286677
96475
893796
334663
30569
522287
631192
318324
999076
925123
937778
451883
445229
248611
643438
281793
422261
710279
564401
440060
156132
45525
750470
971410
180393
124727
887223
208825
879446
968574
798396
287976
894383
55242
561376
235876
76275
465446
611700
880484
287714
543130
92261
42240
890990
872535
896116
183749
492517
969747
940326
509457
289432
258006
105725
25207
659947
173641
603677
116277
486990
947479
618594
314526
38264
682544
507121
667115
158572
2418
538526
745040
221137
190010
506844
231471
581374
212745
752771
202456
547278
854079
455026
527285
